0.001160
0.001334
0.001187
0.001165
0.001439
0.001212
0.002807
0.001236
0.001254
0.001026
0.001598
0.001069
0.001445
0.001269
0.001385
0.001523
0.001279
0.001116
0.001208
0.001396
0.001256
0.001148
0.001203
0.001146
0.001276
0.001254
0.001311
0.001126
0.001352
0.001317
0.001225
0.001176
0.001075
0.001518
0.001103
0.001237
0.001237
0.001310
0.001368
0.001267
0.001120
0.001205
0.001475
0.001261
0.001298
0.001245
0.001130
0.001622
0.001180
0.001180
0.001651
0.001369
0.001351
0.001485
0.001284
0.001340
0.001294
0.001129
0.001849
0.001032
0.001623
0.001294
0.001196
0.001525
0.001471
0.001313
0.001055
0.001279
0.001067
0.043429
0.048422
0.053782
0.039693
0.038822
0.042081
0.029114
0.031835
0.042651
0.030706
0.064302
0.031898
0.045729
0.029533
0.041502
0.031061
0.058718
0.030567
0.037679
0.052088
0.031702
0.032644
0.038810
0.032888
0.055278
0.041522
0.042552
0.027569
0.028387
0.028864
0.045733
0.031421
0.032665
0.037900
0.027715
0.026056
0.039778
0.030783
0.029250
0.043009
0.030825
0.032453
0.052781
0.032883
0.034013
0.034762
0.037824
0.031136
0.041372
0.037522
0.076763
0.027812
0.037553
0.030750
0.034249
0.045144
0.048429
0.047570
0.031741
0.062095
0.050253
0.029923
0.032524
0.040073
0.027065
0.041672
0.026532
0.029981
0.046162
0.029068
0.035546
0.040550
0.036286
0.040230
0.044534
0.035109
0.027171
0.041210
0.032639
0.046918
0.030534
0.045307
0.030643
0.045147
0.026971
0.041421
0.034707
0.087242
0.037820
0.032114
0.045061
0.083310
0.056728
0.030576
0.041114
0.059421
0.029993
0.047131
0.043047
0.044146
0.034031
0.032296
0.035200
0.038334
0.040084
0.033176
0.040998
0.033394
0.034738
0.025170
0.030594
0.033909
0.031908
0.135787
0.030885
0.032690
0.030427
0.039527
0.035046
0.030035
0.031144
0.097005
0.048608
0.034031
0.033897
0.040897
0.034912
0.036907
0.035399
0.048141
0.031988
0.032293
0.033660
0.032070
0.034568
0.038420
0.029067
0.117729
0.032490
0.033580
0.034403
0.033069
0.033188
0.030999
0.052548
0.031603
0.032400
0.031337
0.030064
0.044494
0.033563
0.032608
0.033277
0.032884
0.036497
0.042825
0.033508
0.032198
0.035818
0.038999
0.035121
0.032625
0.029877
0.034085
0.040483
0.035510
0.035366
0.033682
0.031274
0.034260
0.033612
0.034371
0.036074
0.032517
0.032473
0.032800
0.056843
0.047592
0.043038
0.033287
0.034497
0.033581
0.030507
0.032978
0.035437
0.038764
0.031246
0.038656
0.037022
0.033857
0.271751
0.031135
0.043946
0.029839
0.030239
0.036871
0.045668
0.033826
0.030316
0.029805
0.033398
0.035292
0.033006
0.032437
0.032740
0.030205
0.034689
0.030436
0.030631
0.030428
0.031236
0.041689
0.051125
0.034051
0.032169
0.032006
0.032198
0.034099
0.035914
0.031643
0.033084
0.032150
0.049662
0.037897
0.032711
0.048343
0.038969
0.030985
0.039316
0.029223
0.038318
0.038303
0.043696
0.033914
0.040576
0.035469
0.040998
0.030235
0.046648
0.024642
0.037509
0.028672
0.041446
0.042235
0.051351
0.027954
0.039235
0.206090
0.034138
0.047491
0.031910
0.031669
0.031206
0.034309
0.034740
0.033312
0.033175
0.033495
0.032662
0.030620
0.027515
0.035099
0.041568
0.029794
0.033344
0.031814
0.043063
0.032947
0.035731
0.046934
0.042325
0.066635
0.044687
0.030795
0.048673
0.041610
0.046766
0.042088
0.032728
0.037735
0.031199
0.038755
0.032564
0.039777
0.031239
0.044585
0.030907
0.029972
0.040071
0.041845
0.031320
0.031181
0.033619
0.034924
0.040089
0.030219
0.042273
0.033470
0.049247
0.031796
0.045578
0.030938
0.040093
0.031910
0.041852
0.048926
0.039441
0.040590
0.036739
0.043312
0.033681
0.033481
0.045458
0.049726
0.039027
0.036524
0.055404
0.034053
0.032621
0.041314
0.034997
0.038784
0.043907
0.035181
0.038049
0.045145
0.048358
0.031728
0.034736
0.037636
0.038879
0.058100
0.043341
0.032205
0.045118
0.042430
0.028709
0.031451
0.031679
0.045908
0.042790
0.031567
0.031210
0.031786
0.042076
0.030106
0.039900
0.032652
0.030307
0.046879
0.041842
0.035642
0.035082
0.040890
0.035402
0.031837
0.039993
0.038098
0.048303
0.031944
0.032338
0.048252
0.043905
0.030579
0.032075
0.039305
0.038298
0.033407
0.030193
0.044086
0.035136
0.031685
0.039093
0.034251
0.045731
0.037686
0.031604
0.044184
0.031690
0.033110
0.031999
0.033647
0.036545
0.031244
0.029687
0.042549
0.047590
0.034688
0.037485
0.042075
0.032819
0.042089
0.039565
0.034004
0.038046
0.050269
0.034766
0.038893
0.048312
0.031141
0.039393
0.037191
0.044691
0.034139
0.036260
0.041510
0.032022
0.045131
0.033609
0.046731
0.044334
0.035141
0.044955
0.030783
0.033518
0.046964
0.033865
0.032008
0.063183
0.045339
0.032927
0.039785
0.031008
0.032169
0.050050
0.042553
0.030263
0.039909
0.039855
0.041013
0.032317
0.036116
0.047749
0.036391
0.031923
0.030357
0.035578
0.035195
0.034535
0.031981
0.034121
0.032949
0.037825
0.043412
0.036352
0.033082
0.044706
0.032734
0.039091
0.030887
0.032736
0.040303
0.031008
0.031643
0.031737
0.041954
0.031982
0.032211
0.040685
0.044893
0.044293
0.046657
0.037201
0.031558
0.045083
0.031143
0.045603
0.032253
0.039958
0.040124
0.035035
0.046554
0.041072
0.034769
0.043232
0.032627
0.041922
0.030926
0.032914
0.039575
0.030861
0.031573
0.043345
0.042389
0.036141
0.034222
0.051423
0.033482
0.046292
0.030180
0.044491
0.034424
0.043445
0.029187
0.029468
0.038469
0.030579
0.029658
0.051001
0.033169
0.034101
0.031154
0.033056
0.034060
0.042166
0.035364
0.031969
0.042620
0.031585
0.032960
0.031726
0.035514
0.033615
0.042022
0.033392
0.029689
0.032069
0.033899
0.039231
0.032956
0.031983
0.040393
0.031327
0.046542
0.031215
0.032785
0.042652
0.038361
0.031921
0.031661
0.041240
0.035597
0.030792
0.043049
0.032654
0.033301
0.048590
0.030891
0.031170
0.036049
0.040558
0.030404
0.044184
0.031245
0.034505
0.034505
0.029233
0.033125
0.032425
0.032626
0.034135
0.043086
0.033250
0.036860
0.045729
0.034465
0.035859
0.034695
0.033729
0.032124
0.030922
0.033628
0.036725
0.037947
0.035493
0.032499
0.037751
0.032556
0.033236
0.055157
0.035491
0.044514
0.033472
0.040194
0.055601
0.033490
0.035231
0.030948
0.030693
0.033950
0.033321
0.031358
0.033826
0.035918
0.040245
0.042191
0.050544
0.031806
0.031735
0.038502
0.037850
0.034525
0.034603
0.048539
0.030683
0.045287
0.024513
0.051941
0.037955
0.037278
0.040954
0.049839
0.041034
0.044621
0.059864
0.044530
0.052738
0.032606
0.067426
0.037258
0.044542
0.046045
0.041637
0.039502
0.037648
0.032746
0.035776
0.031696
0.032725
0.054143
0.093414
0.034976
0.034539
0.040444
0.042811
0.031798
0.035858
0.033654
0.034849
0.031311
0.031810
0.035670
0.035868
0.040410
0.031962
0.035439
0.037207
0.043502
0.032721
0.033083
0.033766
0.032437
0.032611
0.030556
0.032619
0.032858
0.036097
0.034019
0.029754
0.047147
0.033327
0.029490
0.032969
0.043040
0.034577
0.042827
0.046579
0.032627
0.037198
0.032395
0.039921
0.035153
0.043607
0.036810
0.033395
0.050802
0.049034
0.033032
0.041201
0.032775
