32
31
32
32
32
32
32
32
32
33
32
32
32
33
33
33
32
32
32
31
32
32
33
32
32
32
32
32
32
32
32
33
31
32
32
31
32
32
32
32
32
32
32
32
32
32
32
32
31
32
31
32
32
33
31
32
31
31
31
31
32
32
32
32
32
32
32
32
31
32
31
31
32
32
33
31
33
32
32
32
32
32
32
32
32
32
32
35
32
32
34
32
32
32
32
33
32
33
33
32
32
33
32
32
32
32
32
32
32
32
32
32
32
32
32
32
31
32
32
32
31
32
32
32
32
32
31
32
32
32
33
33
32
32
33
32
32
32
32
32
32
32
32
33
32
32
33
31
33
32
32
32
32
32
32
32
33
32
33
32
32
32
32
32
32
32
32
32
32
32
32
33
32
32
32
32
32
32
32
38
32
32
32
32
32
31
31
32
32
31
33
32
32
34
32
33
32
32
32
32
32
32
33
32
32
32
32
31
32
32
32
32
31
32
33
31
32
33
33
33
32
32
32
32
31
32
32
32
31
32
32
32
32
32
32
32
32
32
33
31
32
32
44
32
31
32
32
32
32
31
32
32
44
43
32
31
32
32
32
32
32
31
32
31
32
32
32
31
31
31
33
31
32
31
31
32
32
32
32
32
32
32
32
35
32
32
32
32
32
32
32
32
32
31
31
31
43
32
43
32
31
32
31
33
32
32
52
32
37
32
32
32
54
32
39
32
24
40
32
35
24
31
38
32
32
32
32
31
32
31
32
45
32
38
32
32
32
32
32
32
32
43
32
32
43
32
32
32
32
31
43
34
32
32
44
32
37
32
37
32
44
32
32
33
32
49
32
50
32
31
32
33
32
31
32
32
75
32
32
32
32
33
31
32
32
32
32
32
54
53
32
62
33
32
32
42
32
43
52
54
32
62
32
32
32
32
36
32
36
32
39
32
32
51
43
33
32
36
54
37
32
54
32
32
57
58
36
32
67
67
32
32
49
46
41
32
32
36
31
32
32
35
32
42
46
33
31
42
31
38
32
32
39
32
32
38
59
59
55
53
31
37
32
32
37
32
55
49
31
48
32
32
43
42
32
38
44
31
33
49
33
32
31
50
48
50
33
33
32
33
32
34
51
47
31
33
55
32
64
33
32
56
32
71
32
68
33
32
47
47
32
32
54
41
45
31
41
32
31
48
32
32
42
36
32
34
36
32
32
27
31
40
31
60
40
36
32
35
32
58
32
41
32
32
49
49
69
35
75
32
34
31
31
31
53
52
47
32
33
32
32
32
32
49
32
32
58
32
32
32
43
32
39
33
40
32
43
36
35
32
32
33
48
32
55
32
47
42
21
32
32
51
55
31
36
65
31
32
34
39
32
44
31
32
32
33
43
32
32
52
31
23
31
31
31
53
48
31
32
32
32
32
52
52
22
59
36
32
32
33
31
36
52
38
33
32
35
33
32
35
32
55
32
37
31
44
31
31
52
31
48
42
51
52
42
32
44
32
33
32
56
40
32
40
33
48
32
52
32
32
34
50
39
32
32
32
31
48
45
32
32
65
88
45
80
39
32
32
32
36
68
37
32
31
58
57
32
32
36
32
32
69
32
21
42
32
44
32
33
35
31
32
48
32
51
32
32
64
32
36
32
32
32
32
32
32
49
50
32
32
60
32
42
51
42
22
32
32
32
32
32
32
32
48
52
64
33
63
32
32
43
34
32
51
32
25
31
31
41
39
32
32
57
32
32
32
32
32
33
32
32
78
32
67
31
31
32
41
32
43
32
70
32
59
32
32
32
47
37
36
65
35
32
32
32
53
32
48
32
51
51
32
32
40
32
52
31
59
32
60
31
52
52
32
32
32
56
56
31
31
54
46
31
68
69
51
41
43
60
32
60
21
33
43
32
54
51
32
63
55
33
39
32
31
52
56
22
32
32
42
32
41
48
42
33
39
32
43
33
42
44
32
80
79
32
57
31
33
46
35
54
33
32
57
31
32
51
43
32
46
37
33
33
64
32
22
39
32
44
32
44
50
32
52
32
52
32
51
32
32
51
33
46
38
41
43
33
32
57
32
55
52
54
57
32
37
52
37
42
53
52
50
31
24
32
32
32
31
31
76
52
79
52
33
32
48
32
45
62
45
32
41
33
32
32
71
78
23
32
40
32
32
31
32
40
74
33
33
31
33
38
32
50
32
32
33
39
41
32
40
32
32
36
32
36
33
41
32
33
33
40
32
32
74
32
81
71
31
33
32
48
32
32
32
41
41
32
50
37
55
46
67
64
52
32
32
53
59
59
65
69
48
32
64
32
68
53
52
32
74
32
72
32
43
32
42
52
32
32
38
32
33
52
77
56
38
32
33
32
65
52
56
48
31
32
32
32
31
35
45
32
34
46
32
33
31
32
40
37
40
37
48
32
42
27
62
43
32
42
52
45
38
51
34
37
32
32
41
52
51
54
32
57
32
31
27
36
67
63
43
32
48
56
56
32
33
56
52
32
32
40
44
32
28
76
77
31
32
32
34
32
62
43
31
31
31
70
31
34
32
38
38
32
55
32
33
64
33
32
32
66
32
76
39
40
32
43
31
26
61
55
52
42
23
32
43
54
33
44
74
32
32
117
107
105
32
39
40
24
49
32
51
32
32
106
53
33
100
32
33
32
51
79
35
76
85
32
33
61
40
32
52
54
41
38
32
34
38
31
32
41
33
31
42
41
42
32
33
34
45
34
45
60
29
42
35
42
51
32
52
32
48
32
64
76
67
33
32
32
72
63
51
31
40
58
34
52
32
32
52
82
82
32
33
34
33
42
64
48
58
32
61
32
46
45
32
79
72
37
44
32
42
49
45
65
64
52
51
32
32
52
52
33
80
34
84
34
51
44
45
26
42
32
32
48
20
80
77
36
34
50
37
72
55
54
55
35
49
45
52
32
32
51
72
33
32
38
55
32
33
61
33
32
64
42
26
31
31
45
72
45
42
31
33
60
60
32
33
47
46
32
32
53
40
47
40
31
38
38
51
32
76
32
32
39
44
32
52
45
32
69
31
53
37
32
51
32
59
19
18
42
45
42
32
44
33
32
32
76
68
31
34
31
31
48
31
57
52
30
52
32
74
66
52
52
51
32
64
55
56
64
43
60
61
62
51
47
34
44
32
59
62
45
32
40
71
31
32
54
31
32
46
52
39
59
32
24
64
47
72
32
34
70
60
60
32
42
32
32
32
41
45
42
52
90
36
32
32
32
57
32
32
40
81
32
32
29
32
41
38
39
37
52
42
34
43
32
32
32
32
64
40
32
36
32
42
92
32
33
33
71
45
32
33
32
46
64
32
32
66
32
48
42
40
33
32
35
76
32
58
47
32
32
31
62
32
71
31
40
32
67
37
62
64
78
78
45
54
48
43
34
33
34
72
67
57
37
37
34
35
44
54
53
61
52
32
52
54
66
57
66
64
44
41
54
50
46
45
32
32
79
73
32
32
64
78
31
96
32
89
33
34
58
41
32
33
31
70
51
73
32
31
42
47
31
50
32
32
32
49
77
33
38
32
52
64
34
32
32
55
31
42
37
37
65
52
50
32
32
79
65
40
52
51
56
32
38
55
53
32
55
40
32
52
32
29
42
42
32
64
44
69
61
40
67
32
31
59
82
84
31
31
104
98
47
32
32
31
72
71
45
32
52
64
32
33
67
32
66
68
48
33
61
68
43
32
80
42
32
32
51
68
31
49
32
83
32
88
48
32
31
32
36
59
42
45
43
33
60
32
41
49
33
57
40
32
40
32
42
52
62
34
